197
168
183
74
102
86
109
30
141
178
12
65
92
36
148
57
101
31
196
163
153
103
20
146
180
29
72
165
186
137
85
127
101
174
31
188
85
64
113
16
19
126
93
94
84
170
184
68
200
55
128
77
196
179
198
174
152
28
58
81
21
36
2
193
30
59
116
140
20
47
186
34
185
65
137
52
46
100
121
200
74
108
195
136
141
130
192
82
142
29
105
162
142
70
15
200
141
146
142
72
27
151
179
111
2
41
129
123
84
6
96
168
6
188
110
110
52
127
51
61
36
20
136
132
169
25
3
164
45
115
83
193
151
149
155
198
28
196
67
37
197
49
81
64
87
132
82
97
169
163
14
200
9
69
69
104
135
66
110
23
22
38
199
126
130
196
151
87
152
120
187
107
3
59
33
166
110
182
34
88
88
66
140
19
186
19
20
170
5
176
152
183
199
56
168
88
49
187
54
109
