12069
11305
8407
6623
3737
10529
11285
771
15189
9411
1279
10327
10149
6079
14501
10589
5629
395
10805
9897
15505
7133
5983
6139
4961
10447
3851
11601
1589
4339
4829
11399
13307
8101
9643
10963
8695
8173
6521
9001
1995
13579
15707
8827
14883
2101
9795
2309
3757
8097
3609
14339
11369
13285
10329
12991
3877
15273
4731
9831
6469
1249
9125
6531
15377
8919
5047
12983
7067
12871
4313
4829
3115
5085
10573
8399
2541
8599
7617
5915
3629
875
4213
11421
6677
7983
8495
13603
2761
4891
3169
6143
8883
31
1415
7581
7797
11193
6315
10505
3499
15345
817
3279
4039
6261
9207
6435
12983
855
3685
15509
13703
11009
12917
4429
15249
10975
5791
12987
9519
197
343
5883
15751
15587
251
1123
7519
8335
3797
11539
6165
1691
8255
14107
15445
785
13307
12829
10593
4057
3373
3085
1973
329
4997
14957
1123
2735
817
13545
12379
14415
2985
5103
12843
9359
8645
8685
14229
113
1767
7675
13363
8999
10985
1205
7859
7565
2015
10833
317
5545
12201
8557
9973
5035
353
4243
2413
2557
2539
1931
14997
10275
1697
5747
11783
8279
6053
14301
2223
11561
3937
9279
6527
11191
6297
6357
579
7895
269
15273
221
7535
1299
5839
1733
4845
13143
7459
12275
1493
2593
3047
12649
5429
2911
5555
7751
739
9115
5089
10399
6137
2117
9281
2567
14599
11151
327
15441
3975
5749
13645
6733
13919
13223
10379
3489
1693
2189
5427
5537
7939
14305
12665
11315
9943
12893
8799
9061
15771
1533
231
6485
7087
15345
2951
15171
3741
5139
4841
8601
9407
14309
7327
13671
4651
10159
7143
7479
11383
4029
3015
4775
13039
10289
13289
6369
14979
10435
6301
7147
10607
13835
13683
9173
4207
2153
1057
14665
10217
6813
11631
13857
3235
12367
12791
7027
8167
2859
8387
6039
3943
9893
4019
319
1413
14853
15197
10431
14827
10249
4667
1023
5689
14069
7193
9089
7347
6385
361
14407
12947
2825
13537
1691
13985
5985
12955
7903
1653
4583
2077
13837
8855
2095
9259
4287
7065
9183
4345
4947
10413
15293
5849
5983
6051
4805
7797
13585
13425
2411
12821
13539
12743
7181
15897
13231
9153
10095
8819
12087
7111
6355
11533
11201
6015
12281
1543
2037
1145
1895
1683
11177
11423
12153
5997
6743
9007
12691
9381
15835
7111
2147
8679
2105
5853
3513
9659
9647
15201
9703
12971
12931
15515
2771
11603
1767
10895
7585
921
6201
6533
10109
4139
14447
9981
113
5915
3383
8223
8141
9277
979
8989
9357
575
5531
259
10971
10315
12083
11271
9139
14203
10033
15907
3683
13095
11607
4613
1127
14685
4587
5189
11659
9153
2375
13111
205
11077
9433
14511
15643
2475
9959
9143
15891
10691
1725
6899
1247
755
4429
3661
8801
1871
11397
11125
12159
5457
11787
13703
14503
5569
2939
1867
4457
15677
11155
375
2363
14017
8957
653
4155
9999
5661
7269
3023
11521
7811
14209
1379
10807
2713
5169
8057
3029
13645
1365
15367
10669
9241
935
4687
3849
10107
10613
15087
2889
15013
1465
477
14361
11109
7587
5881
3527
7553
5809
2083
8635
11103
4275
425
7909
865
419
3507
15113
3969
14895
3057
2409
1465
13979
6277
15389
9167
443
9923
12735
9899
13101
4613
9495
15511
7785
3229
4959
7171
10669
12083
14597
23
9245
3651
3701
8347
9365
10381
7305
2949
449
14793
9549
6697
2187
9879
6911
15121
13103
5431
3009
11815
5381
1581
7207
13343
4747
12705
693
6521
11615
7809
7671
4735
11169
13929
11895
5695
8699
10765
243
7111
1203
11415
12123
1097
4121
7369
12081
649
3949
7623
3027
11997
12043
10663
13575
719
12359
14217
7493
11261
1305
15847
2973
1999
11775
3947
805
2169
8883
2179
12411
15611
10129
2967
12187
827
2631
8275
4889
1937
6283
2407
15449
13167
3751
1857
7999
11775
9181
13159
8809
14537
5435
14733
2709
9343
4217
10443
1999
13757
2447
6643
5579
4245
4693
10587
3639
6747
4197
11081
15421
2385
14013
1313
7107
7077
10093
10369
15313
8243
7445
5051
5357
3609
3001
12323
7737
15453
15043
4999
12445
11609
6329
873
6251
6117
903
10139
7833
15241
14191
9567
5621
7485
6657
5285
1715
14575
13843
12523
607
3507
7257
7581
2007
3859
6011
5285
7517
8015
6927
1317
1237
10337
5833
12485
5049
12923
2813
4481
12945
6131
15137
7227
14905
6097
7997
5481
8641
4565
15701
11045
8923
14115
5125
7987
8365
15975
459
9057
12667
955
1907
13777
8329
12555
11297
3681
11303
10139
13519
15109
7241
4745
14517
6513
7977
8031
13423
13673
6229
12501
13573
14713
11207
14341
3615
14189
14131
6569
11611
8357
519
491
375
1723
6127
2921
1233
12903
3509
6889
9645
13255
10025
8985
9347
337
4643
3433
8523
7805
15467
5019
11037
357
1107
8823
5479
3207
11809
3291
7603
7173
6879
6391
14421
4233
13463
14057
15875
901
15829
8119
12559
14677
2965
2987
14597
1899
13777
6019
8729
7447
15447
6705
14151
7005
5205
2115
7653
15069
10651
6235
485
9441
10563
5553
5027
3695
439
11385
689
6349
2945
15069
8191
10655
9581
2927
2847
8455
11859
2823
1413
7293
9077
1877
1781
10619
11065
13345
3019
6455
7441
459
3801
8955
8147
9605
15343
11179
9591
3459
13487
2323
1825
3431
3145
1807
9515
103
11121
5311
14651
3077
14691
15493
7883
5813
8643
4067
8553
9461
9935
343
603
14111
5345
10373
10155
4493
2065
7763
2505
9291
6967
7961
13493
14067
12237
4917
14481
11759
7361
831
3739
4659
15913
2063
12937
4543
4605
8249
13587
1851
11141
15115
14645
5017
12033
4319
12609
5175
12833
15503
15505
10575
10893
2655
4417
773
1391
12805
10717
9529
14051
11851
5361
2585
11241
8529
1251
2815
4031
9521
971
9349
10691
15385
7649
2561
15979
12727
153
9945
7745
645
2425
8823
1655
151
8315
11735
4571
14241
4537
3201
5213
10483
15183
5309
575
15335
253
8701
9177
7875
7865
845
8887
15083
8241
7799
13817
4659
12347
5681
15529
5775
6055
