63
6
32
89
2
42
72
83
31
12
2
29
51
45
9
29
80
32
22
37
11
84
69
46
48
7
60
9
63
33
27
5
69
5
42
68
53
18
16
82
5
25
92
54
38
12
79
91
17
33
7
69
27
40
40
48
33
39
41
37
10
83
81
75
40
82
30
6
70
11
34
75
49
44
17
35
37
47
11
79
65
45
32
37
65
41
53
97
72
85
34
96
38
24
46
13
42
25
25
21
32
50
93
48
35
10
75
87
5
2
19
90
57
75
64
60
25
89
1
4
25
75
62
75
93
56
38
29
25
44
42
47
39
99
88
82
57
34
42
26
78
100
91
25
100
37
25
2
17
89
21
53
98
86
90
54
100
72
15
54
94
87
27
55
45
31
95
72
42
78
42
94
49
22
60
68
78
53
31
73
30
80
82
96
13
48
25
88
53
28
67
58
99
14
76
85
51
87
7
40
23
60
36
68
77
38
42
39
1
34
100
34
28
1
13
71
60
64
27
87
21
70
60
77
51
65
53
95
44
25
64
45
26
28
87
53
79
30
85
38
58
41
52
20
89
21
100
9
11
21
39
30
49
8
67
51
89
54
5
45
28
92
26
32
96
50
55
100
61
24
23
6
8
58
73
65
14
67
68
94
8
17
65
22
16
40
37
56
75
63
27
65
52
79
10
36
30
10
92
19
5
4
66
14
1
82
1
19
36
87
27
59
96
91
24
53
6
23
64
38
18
32
55
91
15
26
14
24
56
4
1
61
71
70
25
81
21
37
83
25
13
17
29
14
65
97
44
52
19
55
62
68
38
1
28
56
17
67
2
68
26
17
48
11
87
41
29
80
69
61
29
59
58
19
16
27
66
1
6
81
67
64
32
90
75
94
6
91
59
56
17
78
52
42
40
100
4
48
47
29
4
55
99
89
27
63
72
60
97
87
40
48
62
44
65
95
70
72
51
47
63
61
60
80
91
94
64
80
78
38
39
65
65
41
11
63
24
36
91
92
46
21
50
91
66
95
53
99
57
3
97
60
22
95
8
78
77
13
59
28
48
99
11
54
96
12
28
78
77
36
10
20
1
41
5
39
90
5
75
90
99
32
61
42
69
51
44
100
52
46
78
92
99
88
69
70
57
13
56
91
3
99
33
23
55
94
51
77
47
12
38
18
45
10
25
36
66
94
82
55
33
53
97
3
91
21
5
40
42
30
55
40
66
74
39
79
4
2
76
76
50
40
69
21
38
78
1
30
46
88
76
46
5
1
76
71
70
4
21
16
85
80
23
57
12
88
38
92
83
96
22
51
87
33
17
21
17
97
99
71
56
34
64
88
41
88
34
68
50
5
75
71
16
90
100
16
36
31
81
54
70
16
48
60
93
66
79
50
96
45
61
37
4
86
26
87
5
49
93
1
20
6
37
41
82
26
13
28
61
67
1
27
81
30
63
49
71
85
57
90
10
95
63
27
20
64
78
77
90
49
93
62
13
53
67
23
98
65
47
33
47
69
23
36
56
73
19
38
66
2
56
72
77
38
67
47
56
47
99
85
57
21
33
16
43
10
73
83
33
77
87
35
87
75
65
64
98
33
21
61
49
99
18
22
37
96
58
11
5
65
26
33
26
78
86
32
53
34
60
8
68
1
5
7
81
71
28
54
35
1
19
93
26
21
27
45
18
24
88
41
39
23
45
62
4
19
86
20
59
80
42
40
14
89
17
69
95
23
61
67
17
33
51
19
70
64
36
91
64
26
46
20
29
4
29
55
96
77
58
12
86
4
88
19
44
18
3
49
9
45
68
82
17
54
58
83
49
10
89
95
90
24
77
2
61
77
76
49
53
91
9
39
26
32
84
71
93
56
98
68
44
91
41
90
28
90
87
89
71
63
72
68
74
21
36
83
40
64
7
45
31
24
60
32
57
26
14
42
85
67
47
27
27
89
30
1
15
68
47
67
61
64
69
44
30
14
58
88
80
4
15
18
73
11
35
27
68
6
26
78
80
31
46
97
62
41
33
1
81
33
30
53
87
28
15
85
63
1
4
78
30
69
63
29
71
5
93
2
78
73
64
31
14
24
99
19
27
4
35
38
42
21
71
65
5
2
66
12
31
66
92
23
95
34
81
78
38
96
4
71
19
46
70
45
78
41
59
51
16
1
8
48
99
52
97
52
44
93
54
30
100
55
40
59
25
67
16
36
77
72
57
57
36
95
65
27
94
10
96
22
77
68
1
7
95
64
88
45
42
20
27
93
1
24
73
67
90
16
42
3
95
45
5
78
22
54
11
78
13
62
12
77
86
79
92
56
15
74
26
95
94
60
53
96
87
34
77
77
29
25
43
29
35
45
52
44
38
38
37
15
100
32
96
16
22
91
100
25
68
81
4
2
54
27
14
17
78
27
100
59
75
86
37
59
37
40
79
81
7
62
38
10
33
33
9
36
64
19
10
80
59
58
56
14
41
100
90
70
13
33
75
85
64
69
81
68
65
52
8
92
73
60
12
34
10
40
34
24
33
88
82
92
27
98
13
40
27
12
6
1
70
99
60
83
94
87
13
52
74
72
6
11
38
31
65
30
27
1
73
61
20
44
58
96
6
44
42
32
97
9
40
84
70
90
79
51
34
13
8
33
89
90
64
87
39
44
84
95
72
43
64
8
86
33
60
37
41
49
14
45
1
99
4
17
42
25
100
96
76
58
7
38
73
2
51
29
56
40
22
20
