48
33
54
19
48
15
7
38
60
17
33
40
67
42
20
70
38
46
63
58
8
31
37
51
70
42
68
29
9
56
25
44
70
29
24
48
53
45
14
21
11
25
5
60
44
55
27
16
54
64
49
20
27
24
65
51
15
20
13
15
17
23
16
44
9
8
9
52
56
16
26
28
44
62
55
16
32
21
23
69
25
27
12
26
20
6
54
60
61
31
59
65
65
6
26
58
46
69
56
42
31
25
16
27
61
65
50
40
5
33
53
46
39
14
27
69
64
42
59
68
33
26
35
40
20
33
34
61
8
26
67
21
40
68
31
41
42
58
47
55
33
6
68
33
15
19
67
54
9
67
19
66
18
9
63
42
65
42
15
14
23
20
31
16
35
60
52
18
18
60
20
33
46
13
24
59
24
48
67
70
29
53
52
5
30
32
23
40
66
31
33
30
13
46
53
27
61
20
65
39
29
11
27
33
43
25
45
16
29
20
8
7
44
45
60
6
13
68
28
9
27
48
68
11
52
57
38
63
63
27
22
47
8
14
22
58
11
58
42
43
54
29
19
5
48
12
52
44
11
38
46
53
16
22
66
6
43
56
23
68
13
56
50
36
18
25
20
13
11
20
27
52
8
61
66
23
58
9
63
39
30
40
42
57
64
14
42
25
41
61
46
33
16
14
68
20
45
48
21
33
24
9
13
38
46
20
9
66
48
30
26
32
41
5
41
70
69
38
69
7
10
70
31
64
60
48
70
47
24
37
39
58
13
7
58
32
62
36
13
14
56
32
65
51
64
47
20
25
68
16
15
27
29
29
50
37
8
53
39
6
66
46
39
42
67
66
49
46
28
49
23
33
47
29
59
36
56
56
12
25
38
35
8
61
50
16
21
29
37
29
10
10
45
37
44
8
26
19
29
7
67
50
31
41
42
65
68
19
49
20
26
57
37
7
23
69
31
55
69
34
14
68
58
24
26
32
66
60
23
37
41
8
41
68
66
69
6
45
36
25
21
49
29
17
59
27
39
5
5
10
5
46
7
36
47
19
35
61
6
35
49
46
70
47
13
30
10
41
52
57
47
53
66
51
8
8
51
10
30
42
43
5
47
43
26
69
34
12
47
51
18
43
50
41
48
65
10
58
7
35
20
12
45
61
42
18
7
42
53
31
34
59
45
60
14
18
65
62
16
30
6
34
64
66
40
15
58
27
43
6
42
45
27
47
47
40
39
22
18
7
41
52
50
63
37
38
31
24
36
27
61
9
13
34
9
70
65
57
64
30
55
23
53
46
63
46
40
63
58
58
12
68
45
21
13
10
12
67
57
51
69
46
10
16
9
63
13
58
49
44
55
5
15
5
61
48
58
50
13
41
34
30
48
27
58
29
16
15
8
58
39
34
38
35
61
37
48
45
28
49
8
47
6
16
38
5
10
14
23
65
18
53
16
19
24
53
39
61
70
50
12
18
30
23
14
62
7
52
24
55
48
28
34
48
48
23
53
60
29
6
55
54
17
55
68
47
50
24
64
70
28
12
19
33
53
33
30
10
12
47
43
60
47
63
53
64
21
50
40
32
38
5
12
17
7
61
60
29
51
70
59
17
46
42
16
23
46
30
41
22
26
41
66
67
6
11
70
43
9
45
56
11
52
58
69
53
56
43
50
58
12
56
53
57
46
47
62
40
30
36
47
63
13
55
6
35
40
69
40
38
26
15
33
35
20
67
45
46
19
28
60
50
21
52
50
29
54
41
29
9
21
35
10
35
63
32
62
29
28
58
32
44
26
19
59
9
49
55
12
36
42
60
35
10
43
52
38
40
39
34
31
68
57
16
61
25
22
55
55
48
25
52
12
10
17
37
27
26
27
17
68
69
43
69
68
47
12
13
6
61
57
20
56
32
56
15
20
46
67
39
44
66
47
64
18
31
56
50
26
58
63
44
41
17
44
66
29
47
69
45
43
26
28
35
14
44
17
18
8
35
58
15
33
55
62
41
12
58
24
61
68
25
21
59
19
51
18
16
45
49
9
64
8
29
38
13
47
47
45
49
15
45
61
32
50
57
35
5
46
25
61
49
22
17
12
16
43
14
16
57
59
27
31
13
36
35
63
36
63
11
49
52
27
51
9
41
41
33
27
52
38
53
21
6
5
24
59
9
29
53
26
38
55
61
54
22
68
39
39
17
25
17
69
51
21
8
70
42
20
23
42
46
57
24
42
11
58
63
54
48
17
8
42
56
64
61
32
54
41
66
62
61
52
36
33
14
61
44
46
67
16
23
31
63
5
51
30
51
38
53
19
54
39
21
28
16
67
50
50
51
27
21
49
12
33
23
28
48
7
33
30
68
18
8
52
43
27
37
63
22
67
20
65
67
64
8
17
55
34
67
43
43
64
37
21
59
60
6
55
50
49
55
43
30
69
5
55
65
53
50
23
48
50
18
12
38
60
22
44
69
46
50
6
65
64
11
26
18
9
8
65
53
29
33
48
5
15
18
62
18
39
7
43
54
40
44
53
66
52
43
33
26
51
7
24
60
50
20
51
43
32
31
5
23
17
60
57
60
67
49
43
59
53
37
20
59
26
32
24
20
35
18
60
28
70
26
46
41
33
49
40
30
57
57
63
17
68
67
8
9
50
55
36
22
52
70
23
59
26
53
61
22
20
31
62
34
63
7
65
62
5
31
18
25
34
58
39
31
26
66
68
59
32
50
40
44
7
15
63
20
