7163
11655
10245
15627
85
11319
10613
231
2901
2397
4763
10263
11303
9201
9125
1593
10545
12919
1513
15477
14021
2451
4715
2159
12275
15027
6421
15615
1237
13793
15391
8963
10557
7597
7083
1655
8059
13309
7567
12173
1607
7781
497
10549
9031
15813
9423
7787
5329
1353
12103
15573
5095
4619
2459
10927
15065
4333
12927
5805
10069
2151
13301
8851
15213
10759
11687
4125
12497
7891
891
13025
2489
7921
10783
4185
2309
14255
7893
7063
15769
7289
6195
8121
14589
12861
3483
6711
9823
13163
4809
7865
2423
6467
4855
10189
4765
13359
10651
2773
15333
10197
8167
1381
7119
7925
6901
713
13403
11307
5205
4023
12165
4063
14735
4091
12389
7189
2787
609
6159
6331
13853
11149
5363
15013
3369
1219
5457
6897
10317
7033
45
2089
11573
12347
3763
9131
11539
2611
3777
11911
6637
1323
2361
13997
6717
131
5327
12185
2979
4189
7501
213
7041
10525
9191
7193
2707
605
947
6759
4721
2165
2167
13631
10211
7573
8431
12717
11371
15305
933
12033
10337
6121
4859
7157
15063
5741
4529
11489
4701
3945
13271
11989
3609
14873
4055
6379
12245
53
3099
3407
13475
3109
10887
11801
15191
689
3785
10781
13647
7329
3149
6605
6947
7495
15265
4661
6265
1491
6485
1937
15093
1583
4897
13297
14489
13197
6007
2821
13159
12775
10669
14139
4519
13725
2405
7569
5845
13719
11473
7845
15755
7539
7667
5715
8327
15185
1615
2523
165
9025
9933
14003
11541
6693
11295
15885
8643
801
6149
7229
11323
11169
343
2257
10369
14261
9515
15311
10155
3021
10249
12873
7415
9279
4253
1945
2365
6117
2433
8111
13621
12955
14325
1283
14473
2203
11031
2467
7027
14845
14339
9955
13981
13845
7095
2229
15135
10073
5985
12507
13449
3271
12665
13709
8363
9737
3653
14175
1623
2687
6853
5963
8727
3801
7381
15669
12195
6101
2839
2123
115
8501
7159
1713
13121
15175
7317
14383
3507
11995
9513
10573
8509
4261
9737
10381
11157
10507
10131
13601
10181
13257
4823
15425
9629
10709
1511
11085
4161
11417
15119
12681
7977
12351
11955
9567
7705
5677
14167
9593
10585
8449
13325
7689
14797
13643
6419
7499
6727
6003
8415
14685
14939
8527
3941
4367
15443
5177
5869
7163
1361
12877
12481
5417
14885
2359
5353
13913
11375
11661
11543
12247
3823
3051
10963
13065
13263
9409
7279
4865
8523
1809
2749
6173
15065
13557
13735
15051
1005
8595
1165
13089
2687
7241
11633
12797
4357
13183
11561
5673
11127
2265
15915
12315
5163
7507
135
4701
11637
7699
5153
10445
2127
6413
13675
8323
8163
8227
1135
767
5423
12991
11875
9521
3905
2205
5977
407
6723
1191
10003
1787
9613
2195
7957
15205
3871
14201
279
4983
4949
5975
15471
225
14293
7707
11953
14231
15423
10505
6241
3585
10633
9845
4065
4833
4105
4131
14427
12395
6641
5847
15301
13041
7151
12581
1743
8659
11733
11219
11835
575
10127
10109
6429
13037
1433
15859
1735
2591
15783
15721
12215
9915
4817
1669
