4
85
35
40
61
40
59
59
11
61
80
41
3
92
87
88
52
92
24
62
40
97
48
66
74
3
52
77
1
37
93
69
27
53
61
22
89
96
86
91
23
36
55
33
72
71
41
23
44
46
50
12
3
67
68
33
16
8
46
44
100
10
41
79
73
48
58
37
97
96
59
94
89
48
92
93
9
60
48
31
60
53
23
17
48
9
85
10
40
36
71
67
68
83
78
69
71
72
98
76
43
53
93
67
62
75
89
4
31
6
51
38
5
58
23
55
82
39
7
6
22
26
39
67
7
11
57
94
35
96
67
35
1
94
71
43
55
45
86
67
78
26
37
82
12
61
16
38
65
97
35
95
62
5
85
6
45
91
76
47
35
65
99
75
79
84
44
74
83
54
3
58
4
90
93
69
75
85
27
16
72
69
38
97
22
28
11
65
80
94
63
94
7
84
57
97
15
51
20
74
12
35
74
2
55
13
74
7
64
53
54
97
92
45
9
51
42
79
84
56
46
88
46
32
65
75
91
24
52
68
57
16
79
57
35
34
67
42
56
32
1
79
74
59
89
30
73
61
47
67
56
28
40
63
1
11
88
32
39
2
47
55
82
79
18
61
94
59
84
61
86
33
33
60
29
99
49
40
91
93
78
72
9
71
65
44
88
71
56
16
3
2
67
89
42
10
77
15
39
40
73
90
59
79
58
48
49
92
45
99
15
73
10
51
70
2
94
61
58
1
94
95
4
26
72
59
10
27
3
34
40
50
42
66
10
9
94
78
32
2
93
47
48
31
37
40
90
37
1
77
18
47
52
73
97
92
20
4
68
53
56
50
89
89
59
58
30
94
7
11
9
79
83
17
6
82
43
70
2
38
56
12
35
36
91
74
49
3
1
72
63
82
79
90
90
85
65
82
80
59
93
31
36
95
71
12
52
50
29
94
100
37
60
13
72
94
13
58
39
47
9
27
51
28
4
21
30
18
3
62
99
7
46
11
100
41
66
15
86
69
17
76
44
38
74
58
65
54
69
21
23
24
7
8
58
66
14
30
8
35
47
55
56
98
81
22
72
14
47
44
42
6
48
88
81
96
38
7
26
79
47
59
52
98
50
78
34
18
71
92
97
29
88
8
56
96
21
7
79
44
28
15
4
50
27
78
67
78
25
84
33
33
90
61
18
60
21
87
37
80
93
14
44
33
29
85
78
45
6
44
1
59
59
87
33
78
1
46
99
12
19
32
74
66
86
50
63
86
21
87
29
57
18
23
93
58
96
48
68
92
21
86
4
4
91
67
69
5
36
81
33
84
32
51
83
4
85
52
83
84
82
59
63
96
71
48
41
29
61
61
63
86
51
72
55
19
12
52
70
27
98
47
68
67
58
69
41
79
27
100
9
75
5
74
43
28
64
65
4
55
8
33
61
19
99
57
61
4
8
23
64
85
1
88
46
65
84
69
66
98
49
59
71
53
86
50
35
95
48
79
40
92
38
43
98
9
94
65
78
47
77
65
76
22
62
59
54
79
48
30
20
34
56
98
98
67
95
95
66
61
42
72
50
37
87
82
43
20
27
54
94
67
11
47
22
10
65
32
59
8
26
3
88
98
66
63
98
17
28
1
46
9
40
100
14
98
8
44
15
56
62
80
35
30
93
37
86
93
92
73
38
63
97
64
50
85
97
73
58
46
26
81
63
52
22
88
83
85
1
32
21
94
50
59
64
97
44
29
90
7
97
22
93
49
92
64
62
64
4
65
44
87
45
52
99
95
38
85
49
23
79
87
82
28
75
39
24
71
27
59
19
20
51
3
48
28
79
66
39
34
82
59
19
88
89
67
98
58
10
86
2
54
19
32
48
59
37
94
33
38
81
13
96
88
70
33
24
19
66
85
35
14
78
69
87
17
42
54
5
98
56
80
94
57
31
100
14
88
3
76
8
1
95
7
91
78
23
83
57
51
76
10
55
54
83
76
8
63
86
61
75
32
13
10
87
54
73
81
3
38
55
52
5
42
16
61
61
27
15
47
25
97
41
5
77
32
85
60
89
28
46
89
8
7
10
11
89
64
26
73
3
10
22
83
81
18
76
95
58
2
10
19
49
92
73
71
100
83
95
4
16
91
3
55
73
69
52
55
99
10
62
58
6
64
23
85
48
45
82
71
81
67
98
95
100
94
62
25
60
32
65
70
13
43
44
90
1
84
62
54
7
76
42
29
56
50
13
5
88
91
25
51
46
69
96
19
17
24
75
45
32
13
85
5
55
48
2
61
62
48
26
39
14
2
52
28
5
78
76
80
41
56
13
30
77
14
8
37
38
1
77
23
74
3
49
42
100
41
64
98
33
32
8
14
69
90
52
80
15
78
76
15
18
69
8
70
94
10
15
4
11
89
18
42
67
99
40
64
41
76
9
83
57
84
6
36
89
47
54
16
41
45
61
36
58
68
87
30
76
46
25
17
51
28
78
22
88
98
73
19
14
84
28
85
60
53
17
47
95
27
87
3
68
45
75
21
78
67
4
98
42
89
54
70
94
61
38
7
9
3
35
44
64
13
49
4
42
43
16
47
52
54
77
77
11
28
3
82
100
60
37
14
28
4
25
65
23
18
58
8
48
13
38
40
87
17
48
32
30
55
30
73
79
72
54
83
40
12
33
7
51
26
76
15
75
87
99
33
8
56
94
63
20
93
7
2
94
10
32
40
94
65
100
80
99
73
29
59
54
1
