363
365
75
361
241
15
129
123
19
149
189
251
379
143
153
227
331
195
271
323
25
83
153
319
253
151
343
93
167
197
383
385
341
167
331
81
333
187
7
17
277
319
35
211
217
113
207
133
207
91
175
165
199
285
269
143
197
129
227
115
351
323
75
139
81
259
77
65
35
301
375
341
59
307
109
175
35
157
381
375
387
205
27
311
325
87
107
31
141
25
49
71
219
261
385
231
165
65
343
261
265
241
119
131
297
35
137
377
271
121
137
363
113
325
71
241
159
101
85
127
129
397
327
369
3
325
31
339
69
195
203
141
157
63
39
187
335
283
81
239
147
115
249
379
253
251
5
367
179
119
323
337
225
111
373
157
41
209
77
289
379
223
65
65
81
53
373
47
83
95
151
205
33
35
105
141
219
281
329
141
315
347
289
247
5
283
181
215
235
351
33
335
69
265
185
167
147
151
279
229
