36928
8594
74160
59453
92197
36965
67093
61301
9650
18884
53684
45309
91283
43041
41909
8314
47319
56598
24680
44783
70858
45799
56017
54241
35762
42448
30961
24749
10950
9712
81159
44023
69482
20173
99239
22325
45747
46430
71521
8134
98782
98013
25086
97340
44984
75026
84424
17133
33855
7129
26791
87284
84732
14145
47966
74391
22286
42100
68559
76639
91477
43707
61082
16053
79265
6516
73766
35776
28648
41524
23201
89767
1277
80034
12181
52486
57110
62771
59739
51032
14455
70195
86916
90031
38008
42616
29777
68676
26535
84351
75380
15323
13190
83634
82459
2717
2832
46486
41954
59318
99217
53391
92573
80808
8912
50025
73641
75304
94618
84637
34409
52479
58079
46061
51976
55721
25613
64963
84245
7169
86206
85747
94332
3784
34850
64760
95893
2915
54929
78967
89374
59171
63745
96674
29219
28928
36458
20005
15517
40110
21444
93905
55703
34148
67227
6068
78270
4474
49920
286
73965
87161
137
11294
92050
9372
22965
58540
61550
32208
97725
60962
2987
29819
77889
72795
91172
1252
91495
30029
66976
28137
61147
36848
11950
19017
59964
35278
52207
47511
94602
94967
8924
31254
27499
95849
1958
11300
22488
81587
11717
45818
1262
22369
33637
16396
29604
62947
19412
46739
23733
43046
1182
12314
19815
50272
16999
58484
83886
62367
8488
53624
64061
85488
17175
60115
51369
26134
62700
51972
53646
13739
37056
88278
24731
16230
75587
14929
41462
26133
14894
72292
20942
88019
72792
32702
17525
98539
45692
60353
8823
44784
7544
69472
62411
65158
36819
48531
14536
8262
9423
92415
69645
5490
99845
4955
42174
96258
58946
99694
68776
26567
60330
48594
15421
37212
24156
16314
4535
56734
24302
17303
82663
82189
29522
40751
45809
23728
75372
68061
77148
15290
45459
93586
65770
59399
26163
40565
77681
9624
9549
22890
6065
82629
36767
27413
31208
31666
47812
10345
22109
43381
39436
23589
49656
26713
11574
84749
91336
48738
84924
55360
97652
24745
50563
75216
23065
28098
15895
28721
77591
70975
92493
56196
68617
62089
20898
2759
5994
90561
23847
4068
80315
10779
54004
84147
24514
67601
52527
19664
53001
21863
15290
18788
48149
67787
85412
86439
82827
4093
35900
86019
88425
35582
30287
46055
89539
79039
457
29629
42768
6839
95095
19409
75348
43604
77995
50652
1798
14876
87754
57638
99561
49997
17533
87335
44254
81011
58549
64369
94608
85243
61239
21411
53336
87539
86765
11026
65962
94928
8355
31735
86089
13747
97780
24729
390
44957
84562
49123
161
99870
21445
96881
22922
69563
30246
14351
27159
20642
78616
60277
74409
16937
89009
16694
68946
42209
72809
11764
8780
11602
58311
9912
91998
57811
5561
27026
60480
18014
63794
24495
8856
15997
77330
35834
85496
83923
94635
27297
97657
28937
17694
6847
97086
97323
88035
14898
30898
34662
78789
61360
41594
7091
91588
23085
79941
24078
25461
51845
11315
7504
25893
30313
63031
17983
44272
69462
30263
61934
53145
47275
66034
72659
21441
16067
36698
73375
65385
19317
55290
64333
73164
30049
79419
15146
76547
67115
20478
94538
65879
52154
31748
68384
82037
98172
29604
18109
92298
11659
94830
92487
23152
91940
89144
16194
61401
69876
58601
99334
8371
37725
44748
21531
90437
86821
60369
91440
22012
50247
46367
97711
54727
63522
94106
2409
89281
50062
49441
6192
26509
26990
55593
58372
89152
62666
86787
49199
3685
10626
70089
24728
37876
24618
84831
16173
18381
17507
43491
19968
13168
81434
89631
13957
27075
99714
34076
57696
94154
61637
44118
81054
92233
1510
77442
29715
51883
71333
3654
69935
94189
26419
64285
82228
56652
26330
20541
86838
26133
84352
65951
44884
16956
14367
6986
34032
69966
28114
93771
50701
22652
17985
30110
24314
82296
81673
98764
48216
4195
2104
53312
55180
56887
6272
10101
21402
29816
42913
63393
79611
24798
10665
70274
30446
54416
35439
5670
20242
84668
81303
73164
56072
42622
85926
27485
35610
84197
95142
83460
50996
87318
85374
68585
71803
33144
21351
1140
67753
97518
93838
55009
98510
79709
27051
2560
94022
91406
35015
78696
45508
95637
33017
96214
12706
92729
67082
97506
59257
83781
68993
19458
13789
56196
80222
23960
89259
9027
72216
61258
45024
55358
95415
14151
9186
14877
68194
78962
43076
10241
91448
96066
80173
62763
76891
93093
23777
87285
91955
86682
24903
70213
49777
28643
7488
62180
15298
59290
57773
16225
82793
82795
46102
41911
28025
65095
54381
76682
58634
83628
67205
37745
2849
57592
54899
49490
55925
9489
70162
89342
64666
14714
46883
27404
4174
24460
61226
26642
71469
69364
98543
46769
99854
6752
79129
77581
60695
32290
67697
88280
4556
82010
11198
38958
377
4429
60960
5690
65235
28620
69877
17931
9433
98838
58352
45059
40212
96189
41761
75882
33354
98168
24793
33931
63859
93996
17420
12307
8920
11338
19895
19757
98423
85735
67984
95752
47920
11946
22014
79800
28291
1288
39565
81293
29437
83119
73172
88841
91314
32984
16144
421
16846
23797
96221
27581
78601
81610
69104
27973
45189
20367
66027
56691
46825
51222
87529
44667
91517
39838
49449
30720
383
93264
22596
18237
60481
24650
97246
82895
93506
77924
4803
61898
94277
78578
21743
850
41181
81920
36904
32253
45351
6308
94066
52873
72696
90537
64729
26746
11115
41722
49254
42067
40214
18896
99599
4717
2104
67243
53350
17837
28958
838
3810
99804
48537
29084
35925
22480
88109
2826
56007
44660
23074
53617
28836
35913
3557
91850
69018
28655
14167
47506
37293
2350
54117
96580
58981
19889
8616
33993
75129
53734
79642
70169
85753
24192
9668
72444
44184
21672
17638
78050
18201
29740
6764
2556
72825
73837
72635
50526
44029
43541
63346
16726
70882
15955
62362
6578
69855
97755
77863
92616
66041
9815
66434
90322
5402
37289
3255
890
44965
93119
47374
89407
46987
65134
72310
19884
82751
34503
40121
25340
37055
3110
71749
15471
74449
87851
92696
91711
98144
90996
41428
92594
29145
56405
21879
71160
82921
76720
99022
73029
69715
71693
37812
69632
54888
18021
51642
97913
49409
7251
70511
13528
62275
11064
40732
89400
83722
78204
26450
10821
1078
95493
50796
24669
27723
95587
1517
76518
18288
58340
18534
15808
70627
3122
77847
37870
54287
84537
68023
33513
85805
92907
32064
82272
24107
40042
68789
31249
84073
99583
65494
5086
6860
62478
37390
48279
51983
90198
11289
31283
53514
90336
53714
45445
8328
245
73013
25138
95811
57715
16499
8436
39112
49771
2401
26455
42671
69106
99400
23408
79375
18678
41645
38235
11335
33125
94234
89102
82376
28414
74154
93128
82178
67825
68319
89266
33567
76823
56946
40865
83859
81024
15908
6923
82810
94479
10397
1601
27350
7586
37213
27701
34386
90092
36481
52125
27063
25160
83928
35932
78287
28052
8591
65087
15103
41515
75487
58720
78436
26605
91328
25520
35658
1877
48105
95557
40263
32958
61100
76518
32828
47031
92246
44247
93039
87085
87361
63025
36953
25790
89320
47394
69649
34092
873
74740
60840
99733
79994
15964
16581
1126
77358
35356
46985
55461
19515
41788
18038
84731
19819
59157
75349
79007
69458
33438
51551
34233
86706
37170
64986
35366
75318
47850
42133
92017
2046
56007
25425
1002
74414
72785
80454
52371
17184
92458
98287
36460
80046
54726
43652
1456
78511
36793
59849
75028
33909
62068
9366
90655
50057
2836
3219
6679
41821
8713
34255
55573
1902
70800
27259
8961
95785
14891
43760
2283
33937
7943
61747
7438
6914
66199
44936
32709
17881
88588
45994
2519
59172
55197
92291
51577
38132
87076
5706
40207
99939
95920
2251
4247
1413
15678
46617
40095
32779
59305
46897
18823
77967
24178
29531
35254
30696
37423
4910
33014
84995
59599
81282
22557
79313
18012
80184
11441
83678
29116
9593
26999
47574
8037
98993
52569
61680
89505
91273
61462
74401
32133
509
87673
798
96835
94256
65293
28895
96287
81676
27681
31513
36729
4200
24153
75523
53678
90719
88425
56111
18619
61086
45533
80252
70939
90596
58569
45973
97826
80897
71959
8301
53979
83856
13173
83842
8579
23075
11429
98479
2839
85881
60227
2003
91730
35144
91297
98521
63729
92224
69150
28487
99249
57291
57474
43570
1868
79478
1339
39551
34991
55962
18441
1200
56469
45924
80916
60813
38174
99823
33780
58307
39561
73132
95187
50093
92497
79197
55259
15738
52952
7873
35042
96530
37443
34420
8118
19620
60225
3450
10158
29426
8404
19069
78692
91685
43950
804
42534
17133
16090
8099
3235
20628
53216
81006
78468
12512
56274
16736
3748
29881
24462
64627
95064
48253
79765
3606
16311
70275
1866
90271
92486
69715
41428
16263
45151
81676
76715
82839
87455
53502
15457
15680
83075
21174
1361
56023
71619
23096
78106
39313
93498
72304
98564
15144
84761
23619
50223
77555
60628
16236
17227
63941
72364
89335
29739
4336
39779
51672
29563
74193
16381
30562
77184
84311
14230
54610
82431
31716
69310
98682
69695
7460
24033
26560
70491
98700
60029
2778
25896
77750
93594
48941
53845
3356
30709
7902
71140
57749
79333
67721
91898
26875
16712
98063
89312
32366
8911
36225
63407
43102
93568
39111
69411
62761
61153
46610
15357
53836
76472
68966
88828
70532
33589
42710
29628
51309
65773
97959
68987
3099
61612
32828
23860
92954
7232
47620
83691
7097
59546
68286
2697
27503
322
1982
54161
25444
99452
71990
69624
24507
26808
13890
97231
28499
22287
73375
51397
77116
99044
28314
5861
20584
23486
31320
76705
64132
20693
10162
55599
10748
24182
53039
64510
84200
65725
14051
8615
34912
21852
70030
41188
48469
40018
64444
64732
94205
95362
74570
37169
69941
42072
75595
52866
93515
51745
61374
90916
10090
97770
36249
34224
6642
34669
4061
13122
18556
94628
97663
9723
47316
16336
11781
41442
38665
42680
47449
12408
70974
43014
86357
78530
84209
7393
52190
10615
12517
3568
79075
57699
75967
80523
45133
58785
94525
6006
68568
49184
75096
67085
11761
59813
32940
33015
99529
9103
28533
712
53750
68916
95163
60816
46183
75574
77153
43291
50352
22308
22246
91510
9903
97332
10846
90995
99290
22605
13154
73524
96274
48157
64095
79893
72218
97107
46578
3362
95165
58470
25781
12053
67302
39974
65395
34869
40726
66463
31134
37805
16652
80570
97848
48530
82870
82844
59382
96503
80521
48714
89049
97300
13371
93051
34081
28610
22712
52177
88575
78025
50472
78021
45286
76414
13564
80903
3366
75109
32508
30654
1419
26761
74419
30431
67727
99207
9151
20303
79388
19301
91537
39041
64027
71143
45822
65578
92170
62662
54983
12076
27384
73083
34855
861
31698
40293
26470
58891
98007
48557
53341
95088
8028
11571
78437
6622
86372
78443
43353
35149
76175
77315
11645
32728
396
48540
33415
58137
18664
72668
85257
49786
21536
13197
14852
69683
93960
46459
54610
5523
35714
59254
71836
68974
29813
97631
19479
23734
18206
55522
86222
40928
39126
29562
55387
58266
24211
7479
60543
53902
66415
67981
14092
72477
59872
88773
53217
3989
36706
30698
18866
1785
68524
90865
91424
17285
92917
4973
7548
93852
92224
94304
86434
13291
87801
19316
81911
80177
72482
40878
64350
34861
51588
64971
17197
66777
56379
56981
31672
25794
43312
56409
77183
27955
94734
83807
44120
73012
53691
54945
47270
11272
93894
18633
31073
33469
26419
18249
29237
79995
13624
50267
61221
37944
8223
69588
1877
27650
82814
98537
18679
52813
79503
49512
41869
22782
87419
97355
47763
39722
38683
15989
79334
87602
35121
22985
92277
6507
30275
8813
40317
794
9044
99605
95669
10278
61604
92014
17190
37832
98459
56295
79360
60220
19255
23557
54947
99406
93569
81705
23122
80937
61484
14849
78970
43238
75086
2502
81923
67271
99196
54646
88675
61414
24015
36093
42480
3634
38302
32265
63961
37465
94538
34573
89038
98213
19197
54821
44435
97443
93820
864
53538
48768
12880
45997
14041
85615
97490
97849
51906
18196
61802
3875
87679
80872
27007
50782
82728
87252
78662
22923
92955
53971
215
1605
83029
992
46499
39723
28089
17893
8590
33723
74582
28823
45611
76122
18174
86441
65884
51999
47957
51160
54877
51427
22534
9879
36696
95071
93248
76364
87060
13409
81519
25041
99977
31154
1811
39554
78475
95719
94182
57226
97184
9768
27265
96390
28387
5709
3128
82581
19885
45994
77701
5197
52618
50887
71666
5935
46486
9361
33990
68007
472
57239
90558
43627
65201
31055
20441
76836
85838
73894
39264
33317
72535
32753
66529
94074
31791
56349
10238
67273
11059
70698
24402
65557
2092
32649
90365
16018
27627
78935
32450
59862
8071
27209
44087
33886
29008
23192
70247
96211
78907
37893
56708
31317
99044
66657
32689
84640
22701
93168
41333
7787
18689
92702
52370
19687
38298
53628
54790
30397
14703
69406
687
63861
86515
10580
37422
65544
60713
10637
63310
50160
85349
62046
56174
72299
86593
90257
75642
51405
32153
69281
59840
34891
87372
11571
80419
47149
3691
82430
6252
23434
68667
51812
19457
78988
7978
28958
68717
83184
74727
35400
25100
94370
53445
37033
53907
67761
63614
29323
10542
73402
65375
38985
46209
11699
33595
82044
47875
38749
25435
11286
83447
8990
72104
89745
97222
33047
96037
68949
94665
31626
95083
579
76422
59919
18598
7064
93762
33905
86980
16713
42987
94585
83040
8029
20023
65675
67045
37545
76335
90415
92331
7269
49172
98908
70889
14255
69875
64833
18436
77360
7544
33137
68864
23022
2245
88066
264
7232
92997
59677
71274
24266
32261
55263
79805
12589
46559
93037
78534
3494
10710
57369
46912
36324
10364
41153
52718
59758
75416
21609
9875
89131
23661
63852
62552
47616
36825
1547
80700
96823
26411
63305
10540
6168
96891
91618
35587
69416
83938
73777
18182
27221
90760
21377
88995
62581
7698
43482
80692
93291
31917
45699
16570
57031
40936
56997
26747
29042
9939
65261
37993
29658
44072
52122
3076
69905
96671
77687
34537
56262
81840
46988
95528
49608
40176
59136
45617
15064
45464
74296
90567
4572
18744
93612
95457
29050
34556
94958
1001
65065
95646
36261
34073
63331
53730
83482
50291
70057
26846
47846
61264
77495
23145
79689
91231
51788
78603
61333
76914
81552
340
1232
96803
31863
40753
39904
84017
21870
11669
37385
62060
41130
68623
9517
18908
27592
83050
42382
92007
47339
19628
47779
31014
10939
76222
81195
67233
49962
53809
97434
8449
99519
35985
96872
96311
56486
39444
43671
90487
41633
35682
11437
65533
28629
19038
36283
93795
97530
98520
50341
17179
54267
52690
37708
70309
94424
57513
69176
57743
17060
54138
89445
81440
41567
92963
82533
17879
61730
91557
56769
66800
96049
91783
87262
50912
33422
52570
63247
94684
68397
21577
38307
72363
94636
20086
66660
79394
46873
68037
65398
40713
64647
91849
43062
79651
13403
52587
56845
78624
40813
16135
5579
720
19575
40660
46909
53265
94834
6533
15129
38430
81025
4462
26767
52385
61751
77385
65084
5767
67229
22842
42511
26195
20195
77762
31698
48973
98711
87053
45978
36166
97375
67976
15588
75129
68438
26615
71460
59672
89908
73082
5217
75747
60679
97870
62514
17630
60404
44628
35612
77225
14019
38047
84035
67420
79717
27426
22887
61898
99008
44209
10991
29927
53212
72244
97867
61193
77110
49237
24063
22723
1697
50450
84974
8120
88731
87370
87201
46197
85778
35316
61950
33498
71530
88064
88666
18320
29461
27726
50052
27331
29068
65792
55541
13001
41406
57968
7546
4920
12210
26207
54421
40715
35620
92348
41428
61063
13669
24485
83755
17532
17723
37431
4739
58479
73550
70789
23122
62412
93011
91324
49850
7357
66662
85351
65789
37496
85335
66519
46803
25588
29561
7282
33636
39612
91290
89074
99030
38544
78858
41967
52786
6610
4485
5471
43850
11223
60140
49665
86776
97069
48215
4108
55157
90712
47675
28855
71929
59885
64355
6296
10625
82680
13759
3171
16864
77917
8726
87726
1654
87858
39272
73739
63591
32527
36635
59180
18944
39148
77727
3099
43038
67179
93388
72267
50086
66666
9478
70499
66235
99155
27299
77166
71132
74290
67653
90343
70117
5876
66285
58339
57620
23696
69277
91178
17117
39081
24734
10580
70077
11331
39731
25581
7894
64971
7482
93983
35835
14079
5757
51482
8306
60768
57973
46263
85556
48881
87248
18540
51803
13828
70061
22161
84787
16903
79537
86505
69481
46338
22999
6791
76542
23005
28410
87164
27306
21393
59114
88019
34272
44773
46800
57199
53658
49712
58736
30487
31922
48737
28706
43328
7118
7233
39470
86020
84946
77091
45367
77638
10020
89944
5171
45122
87227
31152
18445
69115
78781
6065
62957
27014
56543
13784
78376
62762
47936
59541
88824
90728
94858
99474
40483
94903
66667
38012
25127
37371
54037
28819
74370
24442
53644
6746
37062
75955
82329
92024
84143
15976
27465
30991
73569
14910
18698
46756
86037
73932
88350
34641
94847
86455
80003
95222
15083
77463
99268
21669
52952
54330
942
41564
61719
42027
95822
87440
37861
89623
17603
27160
52468
5583
43890
56821
17371
53936
26842
24927
63870
91049
60927
79463
31964
74062
3422
92169
508
26324
82591
95484
95530
40540
89133
18062
99142
28073
37225
87996
38690
61895
9447
30740
46962
15456
94805
78274
12372
88181
73838
80723
72175
68692
42593
17131
78458
35179
90228
97115
27933
39566
55835
82906
55318
31904
41302
46827
99542
23391
23206
17323
36406
38051
48011
2436
61836
17656
3253
41144
82906
43969
83909
57094
4729
39770
42207
96570
1918
46370
35781
23705
26527
25115
25402
63466
62651
91973
56738
50578
87004
80738
10237
75472
62164
5626
83194
16233
49333
32680
2907
38105
83190
14927
20873
79742
21977
24989
44093
5045
27051
60254
99327
99856
40905
95643
31875
68273
30819
20123
67644
37801
91289
93252
65954
5352
92469
21015
80556
23704
49601
78418
13437
84918
99921
75815
2198
6941
98553
49725
26676
67429
12279
22449
67584
47873
46105
41226
91146
19357
51107
43157
44281
41953
4664
70924
4175
55720
88980
16999
69682
37768
26778
63100
25837
86065
48228
64751
85568
75719
35045
7467
26848
19601
55475
41704
79462
58108
21210
42207
43722
71085
61594
26384
7684
16177
41426
52465
76335
84217
35138
84531
27768
88069
42288
55358
77455
57430
82596
10482
409
63793
41813
35429
24163
87055
28243
8195
36731
27538
82361
13160
2640
29711
84879
16304
26416
2946
38173
44310
55424
69378
65261
4359
80668
58990
70008
3919
82065
98500
21213
14958
61143
38296
76562
23538
27269
46078
77205
36079
98209
13241
84074
53161
23568
83931
39806
87085
7105
33030
38707
23702
3422
27117
58236
23675
83879
44758
55438
15071
34506
21758
34333
98794
38990
61045
70905
67059
50995
93757
88153
72382
84666
41076
86716
81930
53978
88047
54836
27476
13040
64374
27911
99224
23921
15284
73283
31600
80112
52959
80865
99918
52953
33358
13121
98699
76424
2564
85466
81547
39594
72583
75197
51074
51672
23442
4719
23662
22230
27379
88917
89347
28431
80578
24445
96735
20587
18497
73976
44542
26591
81098
79944
8327
10249
35834
54370
26179
12168
29518
50805
36199
26614
52853
69274
5984
43236
75872
2377
28065
24912
49411
72399
92461
29579
75412
8547
42936
9861
67142
54423
94508
72134
33732
93056
43885
29268
63495
15680
28899
52913
23521
11704
85205
79508
29718
80098
91678
95234
13069
27865
24894
97217
64824
58331
97256
19536
14324
21527
70291
89463
60399
6364
3875
55751
70903
85629
46239
22485
48081
50238
1606
91274
61389
23258
74824
15462
63702
58042
54505
56769
20564
1834
30852
81589
74749
59714
53161
6993
22962
21897
37517
49093
93214
72403
93153
70342
52641
88955
4864
16218
2603
77190
33305
37605
98446
25844
81541
85129
35947
53913
53410
7753
35337
49468
83256
36422
10304
39297
8191
57704
66746
97172
14624
85644
28127
66320
38881
63353
88371
76804
85731
36704
88597
55681
71026
3116
66409
44477
18083
24620
16386
95634
65144
46874
52799
31588
94435
94358
61590
75034
54201
10707
44610
66159
90272
78735
41661
77219
7987
45751
44172
50755
93221
64594
28821
13034
50928
92326
17190
28289
69969
95397
74319
51131
48434
90304
98252
76482
70020
28632
36870
27496
91779
35078
37913
89324
61927
89609
25045
7894
43752
1014
46174
73478
58789
68562
31871
57854
55809
54299
98249
77211
11598
15258
97188
87670
21936
89263
78901
91867
51190
58850
28286
36086
63031
73993
29768
78259
7454
89269
80046
76523
61866
63035
64830
5454
82583
73765
20836
43305
18348
77229
74194
86208
69384
200
52747
4224
94916
37173
53718
36393
49145
43858
90464
57945
69248
80812
43800
86378
33138
38650
28345
15352
94995
93311
11108
26043
99339
74407
30169
75437
68053
20256
33728
25255
68445
50178
86156
3725
4101
86784
86244
25006
74709
87135
34276
53524
83594
43151
15378
46607
14670
61304
51452
50107
43523
54335
89217
76609
77317
62318
9491
83742
89210
76090
91563
31736
48994
32416
4479
59104
39743
80764
44391
53119
97321
95565
49967
46666
62524
84810
27608
13985
53955
79036
38706
1057
88031
67410
74978
38427
56497
17720
56578
29224
37013
57102
70521
65310
29145
52340
14750
67014
10764
15135
31111
88922
10968
38979
49285
80688
43612
86122
6975
58715
99688
50588
28922
75593
59726
43648
35470
98094
40879
85612
33307
82752
1635
53163
62121
77306
7906
37312
6808
36317
79219
11723
30414
32138
74472
77253
81624
86745
82750
8409
3731
9342
10380
65478
44731
3843
70869
98903
78404
48097
84894
434
19609
82286
86575
94507
1952
4814
56055
67084
79564
56534
55658
12212
43834
81317
88465
64355
70645
95920
45620
96738
94836
78187
28900
68639
34634
21035
33272
78509
46028
70526
4202
67334
87244
807
16051
84666
6222
58902
12390
99194
86878
16631
60104
53132
91794
73655
97121
86582
49673
60512
1615
82236
82409
70213
81308
89740
8716
47804
91282
64757
64702
33038
48540
42206
78324
13230
93457
86826
35389
36245
87950
26438
90241
96679
87808
35408
34630
40180
44008
80246
35258
78652
55070
35548
11814
43569
28024
71111
60892
50462
22920
50335
13011
23894
77473
87206
43677
91124
66811
36022
43621
86214
86242
61942
10417
58342
99288
81288
62372
69509
98
4231
18789
58641
75686
87956
99436
27771
62332
63899
27680
31889
94309
95638
657
49170
78090
70960
97576
62868
73450
10950
65643
42830
67100
91442
46672
81077
85771
6587
63271
25586
41206
15883
97034
60263
4662
41794
90582
57605
51392
70394
20713
64426
63841
65575
20336
86491
77301
67632
90469
48391
48643
76018
12637
72473
99779
4778
58857
69521
59465
84211
35484
12167
3376
96266
89707
33925
58216
38880
71766
52522
48098
19046
78225
26497
40638
62430
2674
55193
59484
35897
9721
98228
87413
66393
6110
47228
91708
19254
74154
37609
69293
19063
56463
88280
82869
70736
23457
9388
43855
71417
20581
4607
89007
46830
71000
61086
88509
48398
39882
90098
97072
1393
34897
87461
27595
93263
76317
17557
60943
3498
98935
50369
56374
76793
86839
64658
34636
29529
7792
84118
44755
63243
97215
70850
51656
5827
28055
4386
16646
55183
27245
55064
35840
22379
5659
99136
13938
58896
93772
14053
674
5378
50363
97220
41869
51211
74670
40081
27105
89085
69004
46503
71412
6456
30588
64201
98296
83339
10796
43664
44333
207
17809
93373
43722
74721
20240
58785
62914
96119
75841
38785
98791
1317
40695
51149
33752
69003
17138
67941
60495
892
94405
81202
14732
7753
86174
35601
21422
44870
37849
53505
53982
77049
55723
72014
21710
19534
25360
25863
22581
58876
84999
57999
9078
22086
37796
88804
13481
65033
66755
53197
74303
60279
60432
77263
97760
21438
90393
51865
31934
24853
57741
31497
14238
539
78673
94275
94183
96986
53585
79088
89950
32831
72767
52861
63771
91161
16550
43325
13341
78110
31695
65321
9132
16587
83280
52808
81151
50728
67022
78024
964
22615
79655
73208
77414
68540
63208
99554
78428
46561
14023
98625
45266
17145
50954
63458
32447
70126
99716
34473
51941
63496
31187
2460
66073
24087
84531
2406
51782
56351
86535
51655
2571
68995
84116
14835
88399
64604
77310
85534
94457
26884
60320
63323
16069
18539
97583
31319
98180
18668
17132
75715
69853
96654
8548
93078
69883
14588
26077
78414
33100
56840
86529
67584
15926
79084
35038
42257
77818
62041
58586
34724
46652
56825
81615
87038
8419
4800
39371
73892
14544
21988
9332
39988
14840
37831
6792
29028
51751
30822
34306
34277
69564
269
23817
62204
95048
87600
99536
78115
82490
23087
2981
60759
83071
61732
84272
28116
18638
94751
65439
16437
20544
3261
5407
60024
80019
64851
31034
45711
42008
51155
58118
71330
6716
83915
41939
11942
89717
94323
97579
49616
76501
53194
16986
65589
81900
64341
43811
79246
10745
70701
69708
96344
63342
54048
17735
60207
10131
68407
83461
11050
64090
46807
745
27082
44983
66632
18917
88163
82913
41353
4342
78550
3210
79733
82609
56081
70807
17364
1302
35417
87770
29964
26193
6016
8208
3924
15607
72396
86910
58380
90925
82068
8977
85521
39855
24744
62855
54562
72787
66199
77414
7762
19423
65074
25857
20295
29236
45340
32845
55638
39878
88512
33751
92149
76865
92242
68929
70622
88535
47943
9712
80931
50708
70201
73180
94307
23920
19831
89229
55894
54758
13883
6853
53998
50192
95895
88351
151
691
59549
57892
61461
49948
48440
99274
37325
54534
39076
14356
48464
82405
75896
57801
83278
18615
79449
61162
13804
96919
72853
36135
87517
50031
43798
82948
42076
41227
37090
33463
91734
8349
94191
56607
56974
20315
11986
51828
93678
89442
42172
3740
8246
20849
75997
69376
32338
97979
33206
8817
29386
819
95334
30167
63917
93454
39506
80013
22246
88358
88041
95788
25845
12955
60329
78073
45763
91261
10693
72761
5421
62213
20712
74525
46883
79074
98220
43267
75248
83273
59379
55039
32739
9066
88745
55437
25107
71015
31594
20852
25847
9376
64967
97503
84084
95164
44231
47429
80683
74092
66163
82981
59134
36335
42625
55390
9348
4208
12637
90318
18816
61730
97760
35918
55902
37204
57887
61352
90309
1953
62086
41225
3117
52756
96548
83637
406
2974
19418
26784
50109
68069
48437
52857
92107
77302
68033
85049
20907
30655
31282
35740
79501
37878
17476
24706
8158
1412
1724
22784
45856
55119
93796
60709
85406
10676
51485
61920
19648
97576
19692
26599
21541
8988
62310
39296
38280
69165
61935
27135
55820
83134
7275
29642
70200
15204
325
87450
7221
39962
10662
84657
48869
2956
34094
1162
94961
63944
34525
6532
7465
8590
21394
3046
6088
61917
42379
30017
84302
6575
27913
55832
94753
56432
95268
11462
16963
61179
10334
69778
2819
28367
17886
63449
59551
37703
70669
82931
33893
39524
1492
357
1321
10435
68585
53820
97189
71583
71404
39728
35392
70255
11650
40268
39300
65986
76528
5904
13106
97215
77614
53344
99148
76550
59202
55162
73671
21774
72180
69430
2934
87174
95967
8398
88871
81422
83483
12922
23902
32009
37108
75531
93970
86723
97248
20332
9075
66556
72015
24622
30950
67926
40839
76066
96550
51383
39904
44096
80177
1856
36981
69709
19385
47154
64486
65287
59668
53623
16221
27872
63637
57918
49209
76819
50044
9761
5427
23306
70186
99306
59544
41071
84638
20009
74791
64574
6496
36827
80325
79543
22267
40497
8449
21093
92018
51140
28583
14414
10839
22163
88631
81097
16817
66273
58104
94477
30432
12303
92804
95601
36839
11058
50132
74792
41834
42771
13119
19300
25062
18137
59482
76994
84573
79410
98446
68785
26925
47770
40219
37139
42151
43147
91563
70354
62213
78616
14927
60533
96393
21940
60022
16388
19691
34459
66524
39848
62870
91621
85047
35915
92753
7116
95096
27636
48968
90918
17292
38764
3406
30763
58151
83882
79973
40827
22410
8494
14170
42651
34361
41136
1299
84911
39532
44707
11325
59398
52516
30813
21891
81302
39080
28452
61193
1458
11337
95922
31475
91094
33427
72716
49396
78391
46112
64629
86132
90635
45206
77613
69539
7381
679
55252
2911
52640
30166
69083
74188
20365
93254
48663
24914
78355
92862
52989
38188
85530
44495
14183
81014
1337
16257
87241
81854
28184
11523
56957
59980
43889
66017
75524
84267
95141
70134
47480
94019
97628
84467
74722
70392
94212
12235
77572
78571
80839
54425
37569
6958
8921
68897
40702
57158
95945
85511
47445
81184
66524
48243
37727
24752
26847
6995
45675
52745
43048
52390
67270
90699
31733
57040
92816
6493
36845
19620
12038
36399
47687
94438
81164
63931
81311
34629
36109
42285
20360
39887
42385
40110
18236
17040
72595
95877
1831
71425
30391
82108
84273
90067
9282
50413
94053
15818
40422
25216
69855
77120
56236
74568
49014
31032
67773
88170
68767
74154
13278
1758
7255
53488
22799
83780
28481
63075
36615
135
17071
90129
89624
84864
36912
95401
49916
21656
83834
43055
83858
20800
44993
43960
43392
22948
57738
58177
9143
18687
20524
29025
41052
44552
5490
47778
68255
69662
98487
85490
13119
37949
59856
2517
49402
85287
3028
62780
21376
57996
70277
96305
35116
71844
74673
36354
57333
99742
7675
9121
54036
29974
220
28131
77668
61993
64756
60537
4214
9849
38162
12007
48683
75817
78006
21295
95003
94606
85672
78648
23245
18197
55795
38895
31605
89926
77916
28205
72993
86926
59449
4959
46213
12620
88515
61290
44689
99437
72583
62542
9716
32329
93212
37547
71955
91658
87036
42317
63770
18434
84994
60492
14404
88992
52821
10344
41378
2916
63063
65453
80355
57153
64473
63408
37245
14531
57965
57326
1744
48495
5140
12588
33007
38824
73422
18734
50374
30932
44195
55744
4121
61112
13971
62257
70439
79549
57106
48887
9891
60609
46522
65564
64251
93797
49545
97099
19817
16170
99234
69334
95616
71146
91007
64757
58336
21477
84550
16658
24393
79882
3329
5063
73063
16179
40392
25146
10078
61983
87733
49272
99314
70878
87613
78719
61661
80764
56161
78676
36243
96736
64863
75554
27217
47588
99469
15680
98364
21440
88278
24305
84905
40379
42978
69575
25730
13932
26050
33561
79764
50462
7016
58993
90903
60126
18577
12190
18758
90581
52126
13459
20397
86386
89206
40887
73721
79326
62578
43004
48796
70573
85352
2306
251
392
5450
40809
24298
19669
55638
26587
80424
40803
85780
1482
201
67173
67354
14985
92084
55070
79075
42972
69204
94408
59568
32487
57221
83246
82871
6905
2804
32525
13379
24056
70255
70835
51447
25209
36527
41614
11171
54078
87996
55952
52873
68265
82195
49532
629
13536
38361
79621
50824
30873
48311
81121
52438
16646
12281
399
98126
96890
59223
19188
48407
48699
94223
81949
84586
36621
54464
25298
67530
93558
88996
6452
44089
71408
23957
81891
60636
14660
81102
52530
37701
72859
88610
52331
75643
32613
31168
48641
69426
10670
86983
54436
63890
85376
81548
62041
78710
33776
35976
18438
2320
81540
39340
80760
84825
3777
35295
9335
67368
39571
81345
14822
89886
89538
35243
4293
53833
53846
50783
56342
20177
25789
77280
41136
5922
63441
51930
62513
95107
88310
69074
75088
80731
56567
28027
76109
29736
559
41011
90392
8621
65889
22553
51026
62205
40238
81834
53565
17146
69100
87154
27528
79091
53114
3479
9210
41369
27061
60350
65621
40295
93635
5557
57458
52650
15797
922
97846
75740
2001
72552
70378
23825
23355
13443
29314
5198
59936
5626
99351
46887
64330
82294
90171
32056
10198
3192
45369
26415
21402
68764
70252
13323
52180
11759
31049
98513
29744
65086
22383
9811
57706
57102
35175
7931
94225
91006
33995
38672
66073
21353
54417
14276
66107
27796
68751
42122
92055
37308
54647
84987
47049
54743
56000
95198
98987
29804
84903
8579
40343
97296
16736
35369
33096
99904
17780
81579
63560
43105
83656
60617
78197
82099
37460
84623
55001
25803
