22
22
45
4
7
47
9
39
48
37
35
39
18
35
47
49
4
42
24
25
30
15
1
36
11
50
10
9
28
31
43
40
31
17
32
48
25
39
22
43
40
29
8
50
15
38
33
7
17
33
26
46
26
16
42
21
49
1
16
9
17
44
19
2
4
25
26
43
30
26
13
24
7
42
26
3
19
31
46
11
26
33
23
37
33
28
40
38
42
31
16
22
26
23
45
13
19
31
6
50
33
32
33
2
9
34
4
38
40
27
20
19
3
23
11
20
35
40
13
43
46
47
36
26
47
21
30
28
11
50
42
6
19
35
22
47
20
6
48
14
37
46
2
47
15
42
7
38
24
39
22
11
30
8
2
48
4
9
7
26
22
37
28
33
21
6
31
42
1
22
32
27
12
21
20
12
14
13
25
2
15
3
21
36
11
42
39
35
26
43
6
19
11
26
32
32
37
38
17
22